Крапухина Шихеева Сенченко Куренкова Куренков Алещенко Курочкин Андреева Полевой Сабурова Плужникова Проничкин Капалин Рубчинский Гопенгауз Ремизова Разумейко Степанова Тригуб Широков Пискевич Кодосов Ланская Разумов Налимов Разумный Соин Романова Додонова Хабибулина Душкина Ворфоломеев Корень Иванов Крутов Маслович Туркин Грузинцев Кулик Скачкова Данекин Коротаева Журавлев Левицкий Васин Кирнасюк Лобанов Кузнецов Кандыба Миндубаев Денисов Донских
Этот человек мужского пола 0 0 9 0 9 0 9 0 9 0 0 9 9 9 9 0 9 0 0 9 9 9 0 9 9 9 9 0 0 0 0 9 0 9 9 9 9 9 0 0 9 0 9 9 9 9 9 9 9 9 9 9
Учится ли этот человек 0 0 9 0 0 0 0 0 0 0 0 0 0 0 0 0 0 0 0 0 9 9 9 9 9 9 9 9 9 9 9 9 9 9 9 9 9 9 9 9 9 9 9 9 9 9 9 9 9 9 9 9
Преподает ли этот человек 9 9 9 9 9 9 9 9 9 9 9 9 9 9 9 9 9 9 9 9 0 0 0 0 0 0 0 0 0 0 0 0 0 0 0 0 0 0 0 0 0 0 0 0 0 0 0 0 0 0 0 0
Этот человек старше 25 лет 9 9 9 9 9 9 9 9 9 9 9 9 9 9 9 9 9 9 9 9 0 0 0 0 0 0 0 0 0 0 0 0 0 0 0 0 0 0 0 0 0 0 0 0 0 0 5 9 0 0 5 0
Этот человек работает в ИТ компании 0 0 4 0 4 0 4 0 4 0 0 4 0 0 0 0 0 0 4 0 4 4 0 4 4 4 4 4 4 0 4 4 4 4 4 0 0 4 4 4 4 4 4 4 4 4 4 0 4 4 4 4
Этот человек работает с распознаванием изображения 0 0 0 0 0 0 0 0 4 0 0 0 0 0 0 0 0 0 0 0 0 4 0 0 0 4 0 0 0 0 0 0 0 4 0 0 0 0 0 0 0 0 0 0 0 0 4 0 0 0 0 0
Этот человек связан с нейронными сетями 0 0 6 0 2 0 9 0 5 0 0 0 0 0 0 0 0 0 0 0 0 0 0 0 0 9 7 0 0 0 0 3 0 7 0 8 5 5 0 0 0 0 5 5 0 0 9 0 0 0 0 0
Этот человек носит очки 9 4 9 9 0 0 2 0 9 9 9 5 9 5 5 9 2 5 9 0 9 9 0 9 0 0 0 9 0 0 0 0 0 0 0 0 0 0 9 6 0 0 9 0 0 0 0 0 6 9 0 0
Этот человек женат/замужем 9 9 0 9 0 0 9 9 9 9 9 9 0 9 9 9 9 9 9 9 0 0 0 0 0 0 0 0 0 9 0 0 0 0 0 0 0 0 0 0 0 0 0 9 0 0 0 0 9 0 0 0
Этот человек россиянин 4 4 4 4 4 4 4 4 4 4 4 4 4 3 4 4 4 4 4 4 0 0 0 4 4 4 4 4 4 4 4 4 4 4 4 4 0 4 4 4 4 4 4 4 4 4 4 0 4 4 4 4
У этого человека длинные волосы 2 1 0 4 0 4 0 1 0 2 4 0 0 0 0 4 0 3 1 0 0 0 4 0 0 4 0 4 3 4 4 4 4 0 0 0 1 0 4 4 0 4 0 1 0 0 0 0 0 0 0 0
Этот человек играет на музыкальном инструменте 0 0 1 0 0 0 0 0 0 0 0 0 0 0 0 0 0 0 0 0 0 4 0 0 4 0 0 2 0 1 0 0 0 4 0 4 0 4 0 0 0 0 4 0 0 0 0 0 0 0 0 4
Этот человек пьет 2 5 6 2 3 5 3 3 0 0 2 3 3 3 5 3 3 3 3 3 9 9 2 7 6 9 7 4 6 0 2 5 6 0 6 2 2 2 2 5 6 2 6 6 2 2 6 1 3 6 5 6
Этот человек защищал от вирусов 0 0 0 0 0 0 0 0 0 0 0 0 0 0 0 0 0 0 0 0 0 0 0 4 0 0 0 4 0 0 0 0 0 0 0 0 0 0 0 0 0 0 0 0 0 4 0 0 0 0 0 0
Этот человек работает в яндексе 0 0 0 0 0 0 0 0 0 0 0 0 0 0 0 0 0 0 0 0 4 0 0 4 0 0 0 0 4 0 0 0 0 0 0 0 0 4 0 0 0 0 0 0 4 0 0 0 0 0 0 0
Этот человек проходил практику в самсунге 0 0 0 0 0 0 0 0 0 0 0 0 0 0 0 0 0 0 0 0 0 0 0 0 0 0 0 0 4 0 0 0 0 0 4 4 4 0 0 0 0 0 0 4 0 0 4 0 0 0 0 0
Этот человек курит 0 0 9 0 9 0 1 0 0 0 0 0 0 0 2 0 0 0 0 0 8 9 0 2 7 9 2 0 1 0 0 9 3 0 2 0 0 0 0 2 9 0 9 9 0 0 1 0 1 0 0 9
Является дипломником Крапухиной или Сенченко 0 0 0 0 0 0 0 0 0 0 0 0 0 0 0 0 0 0 0 0 0 0 0 4 0 0 0 4 4 4 0 0 0 0 4 4 4 4 4 0 0 4 0 0 0 0 0 0 0 0 0 0
Этот человек с первого курса в группе ММ-14 0 0 0 0 0 0 0 0 0 0 0 0 0 0 0 0 0 0 0 0 4 4 0 4 4 0 0 0 4 4 4 0 0 4 4 0 4 0 0 4 4 0 4 4 0 4 4 4 4 0 0 0
Этот человек любит играть в настолки 0 0 0 0 0 4 0 0 0 0 0 0 0 0 0 0 0 0 0 0 4 2 4 4 0 0 2 4 4 0 0 0 0 4 4 0 0 0 0 0 0 0 0 0 0 0 0 0 0 4 0 0
Есть ли машина у этого человека 0 0 0 0 0 4 0 0 0 0 0 0 0 0 0 0 0 0 0 0 0 0 0 0 0 0 0 0 0 0 0 0 0 0 0 0 0 0 0 4 0 0 0 0 0 0 4 0 0 0 0 0
Этот человек живет в общаге 0 0 0 0 0 0 0 0 0 0 0 0 0 0 0 0 0 0 0 0 4 4 4 4 4 4 4 4 4 4 0 0 0 4 2 0 4 4 4 0 4 4 0 4 0 4 0 4 0 4 0 0
Связан ли этот человек со спортивным программированием 0 0 0 0 0 0 0 0 0 0 0 0 0 0 0 0 0 0 0 0 4 4 0 0 0 4 0 0 0 0 0 0 0 4 0 0 0 0 0 0 0 0 0 0 0 0 0 0 0 0 0 0
Этот человек использует Mac 0 0 0 0 0 4 0 0 0 0 0 0 0 0 0 0 0 0 0 0 4 0 0 4 0 4 0 4 0 0 4 4 0 0 0 4 0 0 0 0 0 0 0 4 0 0 0 0 0 0 4 0
Этот человек преподает программирование 0 0 4 4 4 0 4 4 4 0 0 0 0 0 4 0 0 0 4 2 0 0 0 0 0 0 0 0 0 0 0 0 0 0 0 0 0 0 0 0 0 0 0 0 0 0 0 0 0 0 0 0
Этот человек преподает математику в вузе 4 4 4 0 0 0 0 0 0 4 4 0 4 0 4 4 4 0 0 0 0 0 0 0 0 0 0 0 0 0 0 0 0 0 0 0 0 0 0 0 0 0 0 0 0 0 0 0 0 0 0 0
Этот человек с кафедры КИК 4 4 4 4 4 0 4 4 4 0 0 4 4 4 4 4 0 0 4 4 0 0 0 0 0 0 0 0 0 0 0 0 0 0 0 0 0 0 0 0 0 0 0 0 0 0 0 0 0 0 0 0
Основная ли работа в вузе у этого человека 4 4 0 4 0 0 0 4 0 4 4 0 4 4 4 4 4 4 0 4 0 0 0 0 0 0 0 0 0 0 0 0 0 0 0 0 0 0 0 0 0 0 0 0 0 0 0 0 0 0 0 0
У этого человека есть дипломники 4 4 4 0 0 0 4 4 4 0 0 0 4 4 0 4 0 0 0 4 0 0 0 0 0 0 0 0 0 0 0 0 0 0 0 0 0 0 0 0 0 0 0 0 0 0 0 0 0 0 0 0
Этот человек преподает только на младших курсах 0 0 0 0 0 0 0 4 0 4 4 0 0 0 0 0 4 4 4 4 0 0 0 0 0 0 0 0 0 0 0 0 0 0 0 0 0 0 0 0 0 0 0 0 0 0 0 0 0 0 0 0
Этот человек запускал спутник 4 0 0 0 0 0 0 0 0 0 0 0 0 0 0 0 0 0 0 0 0 0 0 0 0 0 0 0 0 0 0 0 0 0 0 0 0 0 0 0 0 0 0 0 0 0 0 0 0 0 0 0
Этот человек не любит верхнюю одежду 0 0 0 0 0 0 0 4 0 0 0 0 0 0 0 0 0 0 0 4 0 0 0 0 0 0 0 0 0 0 0 0 0 0 0 0 0 0 0 0 0 0 0 0 0 0 0 0 0 0 0 0
Сложно ли получить зачет у этого преподавателя 0 4 0 0 0 0 4 0 0 0 0 0 0 0 0 0 0 4 0 0 0 0 0 0 0 0 0 0 0 0 0 0 0 0 0 0 0 0 0 0 0 0 0 0 0 0 0 0 0 0 0 0
Этот человек любит автоматы 0 0 0 0 0 0 0 0 0 0 0 4 4 0 0 0 0 0 0 0 0 0 0 0 0 0 0 0 0 0 0 0 0 0 0 0 0 0 0 0 0 0 0 0 0 0 0 0 0 0 0 0
На парах у этого человека мало студентов 0 0 0 0 0 0 0 0 0 0 0 4 0 4 4 0 0 0 0 0 0 0 0 0 0 0 0 0 0 0 0 0 0 0 0 0 0 0 0 0 0 0 0 0 0 0 0 0 0 0 0 0
У этого человека есть родственник на кафедре 0 0 0 4 4 0 0 0 0 0 0 0 0 0 0 0 0 0 0 0 0 0 0 0 0 0 0 0 0 0 0 0 0 0 0 0 0 0 0 0 0 0 0 0 0 0 0 0 0 0 0 0
Этот человек часто говорит фразу "Вы все нолики" 0 0 0 0 0 0 0 0 0 0 0 0 0 0 0 0 0 4 0 0 0 0 0 0 0 0 0 0 0 0 0 0 0 0 0 0 0 0 0 0 0 0 0 0 0 0 0 0 0 0 0 0
Этот человек любит английский 0 0 0 0 0 4 0 0 0 0 0 0 0 0 0 0 0 0 0 0 0 0 0 0 0 0 0 0 0 0 0 0 0 0 0 0 0 0 0 0 0 0 0 0 0 0 0 0 0 0 0 0
Этот человек затягивает со сдачей 0 0 0 0 0 0 4 0 0 0 0 0 0 0 0 0 0 0 4 0 0 0 0 0 0 0 0 0 0 0 0 0 0 0 0 0 0 0 0 0 0 0 0 0 0 0 0 0 0 0 0 0
Этому человеку больше 70 лет 0 0 0 0 0 0 0 0 0 4 0 0 0 0 0 0 4 0 0 0 0 0 0 0 0 0 0 0 0 0 0 0 0 0 0 0 0 0 0 0 0 0 0 0 0 0 0 0 0 0 0 0
Этот человек имеет родословную 0 0 0 0 0 0 0 0 0 0 0 0 0 0 0 0 0 0 0 4 0 0 0 0 0 0 0 0 0 0 0 0 0 0 0 0 0 0 0 0 0 0 0 0 0 0 0 0 0 0 0 0
Пишет ли этот человек стихи 0 0 0 0 0 0 0 0 0 0 0 0 0 4 0 0 0 0 0 0 0 0 0 0 0 0 0 0 0 0 0 0 0 0 0 0 0 0 0 0 0 0 0 0 0 0 0 0 0 0 0 0
Этот человек курит 0 0 4 0 4 0 0 0 0 0 0 0 0 0 0 0 0 0 0 0 0 0 0 0 0 0 0 0 0 0 0 0 0 0 0 0 0 0 0 0 0 0 0 0 0 0 0 0 0 0 0 0
Можно ли подготовиться к зачету этого человека по Stepik 0 0 0 0 0 0 0 0 0 0 0 0 0 0 0 4 0 0 0 0 0 0 0 0 0 0 0 0 0 0 0 0 0 0 0 0 0 0 0 0 0 0 0 0 0 0 0 0 0 0 0 0
Этот человек любит фракталы 0 4 0 0 0 0 0 0 0 0 0 0 0 0 0 0 0 0 0 0 0 0 0 0 0 0 0 0 0 0 0 0 0 0 0 0 0 0 0 0 0 0 0 0 0 0 0 0 0 0 0 0
Сможет ли этот человек распознать вас на фото 0 0 0 0 0 0 0 0 4 0 0 0 0 0 0 0 0 0 0 0 0 0 0 0 0 0 0 0 0 0 0 0 0 0 0 0 0 0 0 0 0 0 0 0 0 0 0 0 0 0 0 0
Научный руководитель этого человека - Шихеева Валерия Владимировна 0 0 0 0 0 0 0 0 0 0 0 0 0 0 0 0 0 0 0 0 4 0 0 0 4 0 4 0 0 0 4 0 0 0 0 0 0 0 0 4 0 0 0 0 0 0 0 0 0 0 0 0
Любит ли этот человек роботов 0 0 0 0 0 0 0 0 0 0 0 0 0 0 0 0 0 0 0 0 0 0 0 0 0 0 0 0 0 0 0 0 0 0 0 0 0 0 0 0 0 0 0 0 0 4 0 0 0 0 0 0
Этот человек менял фамилию 0 0 0 0 0 0 0 0 0 0 0 0 0 0 0 0 0 0 0 0 0 0 0 0 0 4 0 0 0 4 0 4 0 0 0 0 0 0 0 0 0 0 0 0 0 0 0 0 0 0 0 0
Этот человек редко появляется на парах 0 0 0 0 0 0 0 0 0 0 0 0 0 0 0 0 0 0 0 0 0 0 0 0 0 0 0 0 0 0 0 0 0 0 0 0 0 0 4 0 0 0 4 4 0 0 0 4 0 0 4 0
Этот человек восстанавливался 0 0 0 0 0 0 0 0 0 0 0 0 0 0 0 0 0 0 0 0 0 0 0 0 0 0 0 0 0 0 0 0 4 0 0 0 0 0 0 0 0 0 0 0 0 0 0 0 0 0 4 0
Этот человек учился в МГУ 0 0 0 0 0 0 0 0 0 0 0 0 0 0 0 0 0 0 0 0 0 0 0 0 0 0 0 0 0 0 0 0 0 0 0 0 0 0 0 0 0 0 0 0 0 0 4 0 0 0 0 4
